Webots Project File version R2025a
perspectives: 000000ff00000000fd00000003000000000000000000000000fc0100000001fb0000001a0044006f00630075006d0065006e0074006100740069006f006e0000000000000000140000000000000000000000010000011c000002befc0200000001fb0000001400540065007800740045006400690074006f00720100000019000002be0000004000ffffff000000030000076c000000d9fc0100000001fb0000001a0043006f006e0073006f006c00650041006c006c0041006c006c01000000000000076c0000006900ffffff0000064e000002be00000001000000020000000100000008fc00000000
simulationViewPerspectives: 000000ff000000010000000200000118000005340100000002010000000100
sceneTreePerspectives: 000000ff000000010000000300000022000000c0000000fa0100000002010000000200
maximizedDockId: -1
centralWidgetVisible: 1
orthographicViewHeight: 1
textFiles: -1
consoles: Console:All:All
renderingDevicePerspectives: Mir100:depth_camera;1;0.210156;0.000726744;0.00776398
