Webots Project File version R2025a
perspectives: 000000ff00000000fd00000003000000000000000000000000fc0100000001fb0000001a0044006f00630075006d0065006e0074006100740069006f006e0000000000000000140000000000000000000000010000038e000002d2fc0200000001fb0000001400540065007800740045006400690074006f00720000000019000002d20000004000ffffff000000030000076c000000d9fc0100000001fb0000001a0043006f006e0073006f006c00650041006c006c0041006c006c01000000000000076c00000000000000000000076c0000039900000001000000020000000100000008fc00000000
simulationViewPerspectives: 000000ff0000000100000002000001100000065a0100000002010000000100
sceneTreePerspectives: 000000ff000000010000000300000022000000c0000000fa0100000002010000000200
minimizedPerspectives: 000000ff00000000fd00000003000000000000000000000000fc0100000001fb0000001a0044006f00630075006d0065006e0074006100740069006f006e0000000000000000140000000000000000000000010000038e000002d2fc0200000001fb0000001400540065007800740045006400690074006f00720000000019000002d20000004000ffffff0000000300000780000000d9fc0100000001fb0000001a0043006f006e0073006f006c00650041006c006c0041006c006c01000000000000078000000000000000000000076c0000039900000001000000020000000100000008fc00000000
maximizedDockId: 0
centralWidgetVisible: 1
orthographicViewHeight: 1
textFiles: -1
renderingDevicePerspectives: Mir100(1):depth_camera;0;0.598437;0;0
renderingDevicePerspectives: Mir100:depth_camera;0;0.217188;0.000726744;0.00776398
